0.0	0.12395833333333334	76	80
0.0	0.12395833333333334	72	80
0.125	0.37395833333333334	76	80
0.125	0.37395833333333334	72	80
0.375	0.49895833333333334	76	80
0.375	0.49895833333333334	72	80
0.625	0.7489583333333333	72	80
0.75	0.8739583333333333	76	80
1.0	1.2489583333333334	79	80
1.0	1.2489583333333334	71	80
1.5	1.7489583333333334	67	80
1.5	1.7489583333333334	59	80
2.0	2.2489583333333334	72	80
2.375	2.6239583333333334	67	80
2.75	2.9989583333333334	64	80
3.125	3.3739583333333334	69	80
3.375	3.6239583333333334	71	80
3.625	3.7489583333333334	70	80
3.75	3.8739583333333334	69	80
4.0	4.165625	67	80
4.166666666666667	4.332291666666666	76	80
4.333333333333333	4.498958333333333	79	80
4.5	4.748958333333333	81	80
4.75	4.873958333333333	77	80
4.875	4.998958333333333	79	80
5.125	5.373958333333333	76	80
5.375	5.498958333333333	72	80
5.5	5.623958333333333	74	80
5.625	5.748958333333333	71	80
6.0	6.248958333333333	72	80
6.375	6.623958333333333	67	80
6.75	6.998958333333333	64	80
7.125	7.373958333333333	69	80
7.375	7.623958333333333	71	80
7.625	7.748958333333333	70	80
7.75	7.873958333333333	69	80
8.0	8.165625	67	80
8.166666666666666	8.332291666666666	76	80
8.333333333333334	8.498958333333333	79	80
8.5	8.748958333333333	81	80
8.75	8.873958333333333	77	80
8.875	8.998958333333333	79	80
9.125	9.373958333333333	76	80
9.375	9.498958333333333	72	80
9.5	9.623958333333333	74	80
9.625	9.748958333333333	71	80
10.0	10.123958333333333	60	80
10.25	10.373958333333333	79	80
10.375	10.498958333333333	78	80
10.5	10.623958333333333	77	80
10.625	10.748958333333333	75	80
10.875	10.998958333333333	76	80
10.875	10.998958333333333	72	80
11.125	11.248958333333333	68	80
11.25	11.373958333333333	69	80
11.375	11.498958333333333	72	80
11.625	11.748958333333333	69	80
11.75	11.873958333333333	72	80
11.875	11.998958333333333	74	80
12.0	12.123958333333333	60	80
12.25	12.373958333333333	79	80
12.375	12.498958333333333	78	80
12.5	12.623958333333333	77	80
12.625	12.748958333333333	75	80
12.875	12.998958333333333	76	80
12.875	12.998958333333333	72	80
13.125	13.248958333333333	84	80
13.125	13.248958333333333	76	80
13.375	13.498958333333333	84	80
13.375	13.498958333333333	76	80
13.5	13.623958333333333	84	80
13.5	13.623958333333333	76	80
13.75	13.873958333333333	67	80
14.0	14.123958333333333	60	80
14.25	14.373958333333333	79	80
14.375	14.498958333333333	78	80
14.5	14.623958333333333	77	80
14.625	14.748958333333333	75	80
14.875	14.998958333333333	76	80
14.875	14.998958333333333	72	80
15.125	15.248958333333333	68	80
15.25	15.373958333333333	69	80
15.375	15.498958333333333	72	80
15.625	15.748958333333333	69	80
15.75	15.873958333333333	72	80
15.875	15.998958333333333	74	80
16.25	16.373958333333334	75	80
16.25	16.373958333333334	68	80
16.625	16.748958333333334	74	80
16.625	16.748958333333334	67	80
17.0	17.123958333333334	72	80
17.0	17.123958333333334	64	80
17.375	17.498958333333334	67	80
17.5	17.623958333333334	67	80
17.75	17.873958333333334	60	80
18.0	18.123958333333334	60	80
18.25	18.373958333333334	79	80
18.375	18.498958333333334	78	80
18.5	18.623958333333334	77	80
18.625	18.748958333333334	75	80
18.875	18.998958333333334	76	80
18.875	18.998958333333334	72	80
19.125	19.248958333333334	68	80
19.25	19.373958333333334	69	80
19.375	19.498958333333334	72	80
19.625	19.748958333333334	69	80
19.75	19.873958333333334	72	80
19.875	19.998958333333334	74	80
20.0	20.123958333333334	60	80
20.25	20.373958333333334	79	80
20.375	20.498958333333334	78	80
20.5	20.623958333333334	77	80
20.625	20.748958333333334	75	80
20.875	20.998958333333334	76	80
20.875	20.998958333333334	72	80
21.125	21.248958333333334	84	80
21.125	21.248958333333334	76	80
21.375	21.498958333333334	84	80
21.375	21.498958333333334	76	80
21.5	21.623958333333334	84	80
21.5	21.623958333333334	76	80
21.75	21.873958333333334	67	80
22.0	22.123958333333334	60	80
22.25	22.373958333333334	79	80
22.375	22.498958333333334	78	80
22.5	22.623958333333334	77	80
22.625	22.748958333333334	75	80
22.875	22.998958333333334	76	80
22.875	22.998958333333334	72	80
23.125	23.248958333333334	68	80
23.25	23.373958333333334	69	80
23.375	23.498958333333334	72	80
23.625	23.748958333333334	69	80
23.75	23.873958333333334	72	80
23.875	23.998958333333334	74	80
24.25	24.373958333333334	75	80
24.25	24.373958333333334	68	80
24.625	24.748958333333334	74	80
24.625	24.748958333333334	67	80
25.0	25.123958333333334	72	80
25.0	25.123958333333334	64	80
25.375	25.498958333333334	67	80
25.5	25.623958333333334	67	80
25.75	25.873958333333334	60	80
26.0	26.123958333333334	72	80
26.0	26.123958333333334	64	80
26.125	26.248958333333334	72	80
26.375	26.498958333333334	72	80
26.625	26.748958333333334	72	80
26.75	26.873958333333334	74	80
27.0	27.123958333333334	76	80
27.125	27.248958333333334	72	80
27.375	27.498958333333334	69	80
27.5	27.623958333333334	67	80
27.75	27.873958333333334	60	80
28.0	28.123958333333334	72	80
28.0	28.123958333333334	64	80
28.125	28.248958333333334	72	80
28.375	28.498958333333334	72	80
28.625	28.748958333333334	72	80
28.75	28.873958333333334	74	80
28.875	28.998958333333334	76	80
29.0	29.123958333333334	67	80
29.375	29.498958333333334	60	80
29.75	29.873958333333334	60	80
30.0	30.123958333333334	72	80
30.0	30.123958333333334	64	80
30.125	30.248958333333334	72	80
30.375	30.498958333333334	72	80
30.625	30.748958333333334	72	80
30.75	30.873958333333334	74	80
31.0	31.123958333333334	76	80
31.125	31.248958333333334	72	80
31.375	31.498958333333334	69	80
31.5	31.623958333333334	67	80
31.75	31.873958333333334	60	80
32.0	32.123958333333334	76	80
32.0	32.123958333333334	72	80
32.125	32.248958333333334	76	80
32.125	32.248958333333334	72	80
32.375	32.498958333333334	76	80
32.375	32.498958333333334	72	80
32.625	32.748958333333334	72	80
32.75	32.873958333333334	76	80
33.0	33.248958333333334	79	80
33.0	33.248958333333334	71	80
33.5	33.748958333333334	67	80
33.5	33.748958333333334	59	80
34.0	34.248958333333334	72	80
34.375	34.623958333333334	67	80
34.75	34.998958333333334	64	80
35.125	35.373958333333334	69	80
35.375	35.623958333333334	71	80
35.625	35.748958333333334	70	80
35.75	35.873958333333334	69	80
36.0	36.165625	67	80
36.166666666666664	36.33229166666666	76	80
36.333333333333336	36.498958333333334	79	80
36.5	36.748958333333334	81	80
36.75	36.873958333333334	77	80
36.875	36.998958333333334	79	80
37.125	37.373958333333334	76	80
37.375	37.498958333333334	72	80
37.5	37.623958333333334	74	80
37.625	37.748958333333334	71	80
38.0	38.248958333333334	72	80
38.375	38.623958333333334	67	80
38.75	38.998958333333334	64	80
39.125	39.373958333333334	69	80
39.375	39.623958333333334	71	80
39.625	39.748958333333334	70	80
39.75	39.873958333333334	69	80
40.0	40.165625	67	80
40.166666666666664	40.33229166666666	76	80
40.333333333333336	40.498958333333334	79	80
40.5	40.748958333333334	81	80
40.75	40.873958333333334	77	80
40.875	40.998958333333334	79	80
41.125	41.373958333333334	76	80
41.375	41.498958333333334	72	80
41.5	41.623958333333334	74	80
41.625	41.748958333333334	71	80
42.0	42.123958333333334	76	80
42.125	42.248958333333334	72	80
42.375	42.623958333333334	67	80
42.75	42.998958333333334	68	80
43.0	43.123958333333334	69	80
43.125	43.248958333333334	77	80
43.375	43.498958333333334	77	80
43.5	43.623958333333334	69	80
43.75	43.873958333333334	60	80
44.0	44.165625	71	80
44.0	44.165625	67	80
44.166666666666664	44.33229166666666	81	80
44.166666666666664	44.33229166666666	77	80
44.333333333333336	44.498958333333334	81	80
44.333333333333336	44.498958333333334	77	80
44.5	44.665625	81	80
44.5	44.665625	77	80
44.666666666666664	44.83229166666666	79	80
44.666666666666664	44.83229166666666	71	80
44.833333333333336	44.998958333333334	77	80
45.0	45.123958333333334	76	80
45.125	45.248958333333334	72	80
45.375	45.498958333333334	69	80
45.5	45.623958333333334	67	80
45.75	45.873958333333334	60	80
46.0	46.123958333333334	76	80
46.125	46.248958333333334	72	80
46.375	46.623958333333334	67	80
46.75	46.998958333333334	68	80
47.0	47.123958333333334	69	80
47.125	47.248958333333334	77	80
47.375	47.498958333333334	77	80
47.5	47.623958333333334	69	80
47.75	47.873958333333334	60	80
48.0	48.123958333333334	71	80
48.0	48.123958333333334	67	80
48.125	48.248958333333334	77	80
48.125	48.248958333333334	69	80
48.375	48.498958333333334	77	80
48.375	48.498958333333334	69	80
48.5	48.665625	77	80
48.5	48.665625	69	80
48.666666666666664	48.83229166666666	76	80
48.666666666666664	48.83229166666666	67	80
48.833333333333336	48.998958333333334	74	80
48.833333333333336	48.998958333333334	65	80
49.0	49.123958333333334	72	80
49.0	49.123958333333334	64	80
49.125	49.248958333333334	67	80
49.375	49.498958333333334	67	80
49.5	49.748958333333334	60	80
50.0	50.123958333333334	76	80
50.125	50.248958333333334	72	80
50.375	50.623958333333334	67	80
50.75	50.998958333333334	68	80
51.0	51.123958333333334	69	80
51.125	51.248958333333334	77	80
51.375	51.498958333333334	77	80
51.5	51.623958333333334	69	80
51.75	51.873958333333334	60	80
52.0	52.165625	71	80
52.0	52.165625	67	80
52.166666666666664	52.33229166666666	81	80
52.166666666666664	52.33229166666666	77	80
52.333333333333336	52.498958333333334	81	80
52.333333333333336	52.498958333333334	77	80
52.5	52.665625	81	80
52.5	52.665625	77	80
52.666666666666664	52.83229166666666	79	80
52.666666666666664	52.83229166666666	71	80
52.833333333333336	52.998958333333334	77	80
53.0	53.123958333333334	76	80
53.125	53.248958333333334	72	80
53.375	53.498958333333334	69	80
53.5	53.623958333333334	67	80
53.75	53.873958333333334	60	80
54.0	54.123958333333334	76	80
54.125	54.248958333333334	72	80
54.375	54.623958333333334	67	80
54.75	54.998958333333334	68	80
55.0	55.123958333333334	69	80
55.125	55.248958333333334	77	80
55.375	55.498958333333334	77	80
55.5	55.623958333333334	69	80
55.75	55.873958333333334	60	80
56.0	56.123958333333334	71	80
56.0	56.123958333333334	67	80
56.125	56.248958333333334	77	80
56.125	56.248958333333334	69	80
56.375	56.498958333333334	77	80
56.375	56.498958333333334	69	80
56.5	56.665625	77	80
56.5	56.665625	69	80
56.666666666666664	56.83229166666666	76	80
56.666666666666664	56.83229166666666	67	80
56.833333333333336	56.998958333333334	74	80
56.833333333333336	56.998958333333334	65	80
57.0	57.123958333333334	72	80
57.0	57.123958333333334	64	80
57.125	57.248958333333334	67	80
57.375	57.498958333333334	67	80
57.5	57.748958333333334	60	80
58.0	58.123958333333334	72	80
58.0	58.123958333333334	64	80
58.125	58.248958333333334	72	80
58.375	58.498958333333334	72	80
58.625	58.748958333333334	72	80
58.75	58.873958333333334	74	80
59.0	59.123958333333334	76	80
59.125	59.248958333333334	72	80
59.375	59.498958333333334	69	80
59.5	59.623958333333334	67	80
59.75	59.873958333333334	60	80
60.0	60.123958333333334	72	80
60.0	60.123958333333334	64	80
60.125	60.248958333333334	72	80
60.375	60.498958333333334	72	80
60.625	60.748958333333334	72	80
60.75	60.873958333333334	74	80
60.875	60.998958333333334	76	80
61.0	61.123958333333334	67	80
61.375	61.498958333333334	60	80
61.75	61.873958333333334	60	80
62.0	62.123958333333334	72	80
62.0	62.123958333333334	64	80
62.125	62.248958333333334	72	80
62.375	62.498958333333334	72	80
62.625	62.748958333333334	72	80
62.75	62.873958333333334	74	80
63.0	63.123958333333334	76	80
63.125	63.248958333333334	72	80
63.375	63.498958333333334	69	80
63.5	63.623958333333334	67	80
63.75	63.873958333333334	60	80
64.0	64.12395833333333	76	80
64.0	64.12395833333333	72	80
64.125	64.24895833333333	76	80
64.125	64.24895833333333	72	80
64.375	64.49895833333333	76	80
64.375	64.49895833333333	72	80
64.625	64.74895833333333	72	80
64.75	64.87395833333333	76	80
65.0	65.24895833333333	79	80
65.0	65.24895833333333	71	80
65.5	65.74895833333333	67	80
65.5	65.74895833333333	59	80
66.0	66.12395833333333	76	80
66.125	66.24895833333333	72	80
66.375	66.62395833333333	67	80
66.75	66.99895833333333	68	80
67.0	67.12395833333333	69	80
67.125	67.24895833333333	77	80
67.375	67.49895833333333	77	80
67.5	67.62395833333333	69	80
67.75	67.87395833333333	60	80
68.0	68.165625	71	80
68.0	68.165625	67	80
68.16666666666667	68.33229166666666	81	80
68.16666666666667	68.33229166666666	77	80
68.33333333333333	68.49895833333333	81	80
68.33333333333333	68.49895833333333	77	80
68.5	68.665625	81	80
68.5	68.665625	77	80
68.66666666666667	68.83229166666666	79	80
68.66666666666667	68.83229166666666	71	80
68.83333333333333	68.99895833333333	77	80
69.0	69.12395833333333	76	80
69.125	69.24895833333333	72	80
69.375	69.49895833333333	69	80
69.5	69.62395833333333	67	80
69.75	69.87395833333333	60	80
70.0	70.12395833333333	76	80
70.125	70.24895833333333	72	80
70.375	70.62395833333333	67	80
70.75	70.99895833333333	68	80
71.0	71.12395833333333	69	80
71.125	71.24895833333333	77	80
71.375	71.49895833333333	77	80
71.5	71.62395833333333	69	80
71.75	71.87395833333333	60	80
72.0	72.12395833333333	71	80
72.0	72.12395833333333	67	80
72.125	72.24895833333333	77	80
72.125	72.24895833333333	69	80
72.375	72.49895833333333	77	80
72.375	72.49895833333333	69	80
72.5	72.665625	77	80
72.5	72.665625	69	80
72.66666666666667	72.83229166666666	76	80
72.66666666666667	72.83229166666666	67	80
72.83333333333333	72.99895833333333	74	80
72.83333333333333	72.99895833333333	65	80
73.0	73.12395833333333	72	80
73.0	73.12395833333333	64	80
73.125	73.24895833333333	67	80
73.375	73.49895833333333	67	80
73.5	73.74895833333333	60	80